[1] 0.7685627 0.6190673 0.5527199 4.9000000
[1] 0.7997406 0.6027639 0.5259583 5.1000000
[1] 0.5439188 0.4947879 0.2811303 6.2000000
[1] 0.6610392 0.6368260 0.5794547 6.6000000
[1] 0.4580332 0.4701836 0.3766935 7.0000000
[1] 0.3819852 0.4203728 0.3259000 7.2000000
[1] 0.6284246 0.6081136 0.5701893 7.5500000

[1] 0.7342400 0.4194030 0.2460701 4.9000000
[1] 0.7732839 0.3764083 0.1679201 5.1000000
[1] 0.5385462 0.4808043 0.2536067 6.2000000
[1] 0.5020751 0.4676440 0.3269919 6.6000000
[1] 0.4599369 0.4643241 0.3681824 7.0000000
[1] 0.3732633 0.4072319 0.3090415 7.2000000
[1] 0.4083301 0.4335294 0.3601585 7.5500000


[1] 0.7235568 0.4160101 0.2469344 4.9000000
[1] 0.6575219 0.3451662 0.1861008 5.1000000
[1] 0.5435700 0.4942673 0.2799760 6.2000000
[1] 0.4782262 0.4551349 0.3101848 6.6000000
[1] 0.4580985 0.4702373 0.3767598 7.0000000
[1] 0.3829558 0.4211702 0.3267961 7.2000000
[1] 0.4023956 0.4409937 0.3672986 7.5500000

